2 0.196875 0.534375 0.07265625 0.32890625
2 0.465625 0.528125 0.0703125 0.2625
2 0.37109375 0.51328125 0.0625 0.22890625
2 0.5890625 0.540625 0.10234375 0.41640625
2 0.94453125 0.540625 0.090625 0.5015625
2 0.64140625 0.534375 0.071875 0.390625
2 0.87890625 0.546875 0.07734375 0.403125
2 0.13359375 0.51640625 0.05390625 0.2609375
2 0.81484375 0.52890625 0.053125 0.28046875
2 0.26328125 0.4984375 0.01953125 0.121875
2 0.28515625 0.503125 0.02109375 0.1203125
2 0.3125 0.50078125 0.02734375 0.1109375
2 0.50625 0.496875 0.05234375 0.20234375
3 0.18671875 0.66328125 0.02421875 0.05859375
3 0.2046875 0.67890625 0.01953125 0.03984375
3 0.56953125 0.690625 0.02734375 0.07890625
3 0.60390625 0.734375 0.025 0.04453125
3 0.64296875 0.70546875 0.02890625 0.03828125
3 0.6203125 0.6703125 0.028125 0.065625
3 0.9453125 0.76953125 0.05234375 0.07734375
3 0.86953125 0.72578125 0.03359375 0.05
3 0.90234375 0.721875 0.03515625 0.0421875
3 0.81171875 0.6515625 0.03125 0.0484375
3 0.83671875 0.5671875 0.01875 0.0703125