2 0.43671875 0.55078125 0.0875 0.34296875
2 0.7640625 0.53046875 0.090625 0.346875
2 0.1625 0.53203125 0.06796875 0.2609375
2 0.0890625 0.52421875 0.171875 0.7984375
2 0.853125 0.5046875 0.0203125 0.1265625
2 0.9453125 0.51640625 0.025 0.109375
2 0.915625 0.5109375 0.021875 0.10234375
2 0.803125 0.51484375 0.02421875 0.10234375
2 0.834375 0.5140625 0.01875 0.09375
2 0.87734375 0.5140625 0.02421875 0.09375
3 0.1375 0.87890625 0.07109375 0.08203125
3 0.121875 0.7 0.040625 0.05
3 0.75625 0.6828125 0.0203125 0.04375
3 0.46796875 0.68671875 0.028125 0.05390625
3 0.409375 0.709375 0.0265625 0.02890625