2 0.2734375 0.5765625 0.13828125 0.7609375
2 0.8015625 0.5890625 0.13125 0.55859375
2 0.93125 0.55390625 0.05546875 0.275
2 0.54375 0.596875 0.10390625 0.5609375
2 0.678125 0.5625 0.13515625 0.6
2 0.43203125 0.54921875 0.078125 0.38203125
2 0.1640625 0.5671875 0.115625 0.54296875
3 0.15234375 0.80625 0.04140625 0.075
3 0.22421875 0.821875 0.0484375 0.059375
3 0.253125 0.89375 0.04609375 0.09453125
3 0.2828125 0.91640625 0.04453125 0.07890625
3 0.409375 0.71484375 0.03046875 0.0390625
3 0.6625 0.83515625 0.0390625 0.05390625
3 0.7171875 0.8015625 0.03046875 0.071875
3 0.78046875 0.8359375 0.0296875 0.05546875
3 0.82890625 0.82109375 0.0390625 0.04140625
3 0.9890625 0.746875 0.021875 0.06875
3 0.9359375 0.66953125 0.046875 0.04375