2 0.434375 0.64921875 0.07578125 0.39609375
2 0.56640625 0.53828125 0.0359375 0.1625
2 0.2828125 0.66640625 0.1125 0.56640625
2 0.1109375 0.678125 0.13359375 0.496875
2 0.496875 0.61953125 0.0828125 0.4640625
2 0.36328125 0.5921875 0.0734375 0.36796875
3 0.30546875 0.89609375 0.0296875 0.06015625
3 0.26953125 0.925 0.028125 0.0484375
3 0.10546875 0.88203125 0.02265625 0.09140625
3 0.5046875 0.809375 0.021875 0.0453125
3 0.4859375 0.8328125 0.028125 0.05859375
3 0.43046875 0.834375 0.02421875 0.046875
3 0.36875 0.75625 0.02265625 0.034375
3 0.34453125 0.7421875 0.021875 0.07578125
3 0.44921875 0.81015625 0.02265625 0.03671875