2 0.565625 0.64921875 0.07578125 0.39609375
2 0.43359375 0.53828125 0.0359375 0.1625
2 0.7171875 0.66640625 0.1125 0.56640625
2 0.8890625 0.678125 0.13359375 0.496875
2 0.503125 0.61953125 0.0828125 0.4640625
2 0.63671875 0.5921875 0.0734375 0.36796875
3 0.69453125 0.89609375 0.0296875 0.06015625
3 0.73046875 0.925 0.028125 0.0484375
3 0.89453125 0.88203125 0.02265625 0.09140625
3 0.4953125 0.809375 0.021875 0.0453125
3 0.5140625 0.8328125 0.028125 0.05859375
3 0.56953125 0.834375 0.02421875 0.046875
3 0.63125 0.75625 0.02265625 0.034375
3 0.65546875 0.7421875 0.021875 0.07578125
3 0.55078125 0.81015625 0.02265625 0.03671875