2 0.27890625 0.5859375 0.0984375 0.53359375
2 0.7765625 0.5453125 0.07578125 0.39609375
2 0.68984375 0.56484375 0.09921875 0.5015625
2 0.47890625 0.54453125 0.096875 0.45859375
2 0.37109375 0.59140625 0.1171875 0.59453125
2 0.1484375 0.49765625 0.2921875 0.99296875
2 0.58671875 0.56796875 0.12109375 0.46640625
2 0.8640625 0.55234375 0.06875 0.390625
3 0.25546875 0.825 0.04609375 0.053125
3 0.29609375 0.82265625 0.03203125 0.0625
3 0.35078125 0.85 0.0390625 0.071875
3 0.409375 0.82421875 0.0296875 0.075
3 0.46953125 0.753125 0.0328125 0.05859375
3 0.50234375 0.7171875 0.0234375 0.0671875
3 0.60078125 0.76640625 0.0265625 0.07890625
3 0.66015625 0.79296875 0.0328125 0.05078125
3 0.71875 0.778125 0.02578125 0.0640625
3 0.76796875 0.71484375 0.0171875 0.06328125
3 0.7796875 0.70859375 0.01484375 0.071875
3 0.86484375 0.7203125 0.03984375 0.0546875