2 0.41328125 0.559375 0.0625 0.346875
2 0.2921875 0.540625 0.0484375 0.278125
2 0.51640625 0.5703125 0.103125 0.4875
2 0.34375 0.54921875 0.078125 0.384375
2 0.67890625 0.55859375 0.09375 0.3609375
2 0.23203125 0.54296875 0.0828125 0.3609375
2 0.0921875 0.55546875 0.07421875 0.346875
2 0.8890625 0.55078125 0.13125 0.5765625
2 0.15703125 0.55625 0.071875 0.3484375
2 0.8234375 0.5609375 0.07890625 0.48984375
3 0.07578125 0.70078125 0.02421875 0.03515625
3 0.103125 0.70390625 0.02265625 0.04609375
3 0.1515625 0.69921875 0.03203125 0.0640625
3 0.2203125 0.70078125 0.0265625 0.028125
3 0.23671875 0.69375 0.02578125 0.03828125
3 0.35234375 0.72578125 0.02421875 0.04921875
3 0.32890625 0.69921875 0.01875 0.03125
3 0.490625 0.7890625 0.03359375 0.0578125
3 0.54296875 0.7609375 0.0328125 0.04375
3 0.77421875 0.72578125 0.03828125 0.0734375
3 0.66796875 0.6984375 0.02578125 0.0390625
3 0.69453125 0.72421875 0.03515625 0.03984375
3 0.85625 0.80703125 0.0640625 0.06171875
3 0.934375 0.8140625 0.046875 0.05625