2 0.6234375 0.54140625 0.1203125 0.59453125
2 0.3359375 0.5609375 0.09375 0.375
2 0.40859375 0.559375 0.06875 0.33359375
2 0.47421875 0.53046875 0.0390625 0.23046875
2 0.11015625 0.525 0.0578125 0.225
2 0.15234375 0.5140625 0.04453125 0.23046875
2 0.75546875 0.54921875 0.059375 0.3265625
2 0.8421875 0.5328125 0.06796875 0.2625
2 0.5609375 0.521875 0.09140625 0.4109375
2 0.70546875 0.53984375 0.034375 0.2328125
2 0.21953125 0.5171875 0.02734375 0.128125
3 0.60234375 0.8015625 0.05625 0.0625
3 0.64140625 0.79296875 0.046875 0.078125
3 0.30703125 0.71796875 0.0328125 0.0453125
3 0.3625 0.7234375 0.0390625 0.065625
3 0.40859375 0.709375 0.02890625 0.0390625
3 0.76015625 0.6984375 0.05078125 0.0421875