2 0.1640625 0.58984375 0.090625 0.440625
2 0.328125 0.55390625 0.06796875 0.421875
2 0.6015625 0.565625 0.06875 0.3375
2 0.70625 0.559375 0.07578125 0.38203125
2 0.390625 0.56640625 0.0921875 0.475
2 0.8375 0.5734375 0.0859375 0.35859375
2 0.7734375 0.5609375 0.06796875 0.346875
2 0.54140625 0.5765625 0.084375 0.325
2 0.4578125 0.5421875 0.04296875 0.328125
2 0.2625 0.54453125 0.05078125 0.27265625
3 0.159375 0.7765625 0.03046875 0.04765625
3 0.1828125 0.7703125 0.025 0.06328125
3 0.32890625 0.74765625 0.03515625 0.03828125
3 0.3890625 0.77734375 0.04609375 0.0296875
3 0.440625 0.70859375 0.0203125 0.04765625
3 0.54765625 0.72265625 0.03515625 0.03984375
3 0.59296875 0.71796875 0.0140625 0.03671875
3 0.61640625 0.71328125 0.01953125 0.046875
3 0.72578125 0.7296875 0.03046875 0.05390625
3 0.6875 0.70625 0.01796875 0.0484375
3 0.78125 0.70859375 0.0296875 0.04453125
3 0.8390625 0.72578125 0.02734375 0.0453125