2 0.56328125 0.55078125 0.0875 0.34296875
2 0.2359375 0.53046875 0.090625 0.346875
2 0.8375 0.53203125 0.06796875 0.2609375
2 0.9109375 0.52421875 0.171875 0.7984375
2 0.146875 0.5046875 0.0203125 0.1265625
2 0.0546875 0.51640625 0.025 0.109375
2 0.084375 0.5109375 0.021875 0.10234375
2 0.196875 0.51484375 0.02421875 0.10234375
2 0.165625 0.5140625 0.01875 0.09375
2 0.12265625 0.5140625 0.02421875 0.09375
3 0.8625 0.87890625 0.07109375 0.08203125
3 0.878125 0.7 0.040625 0.05
3 0.24375 0.6828125 0.0203125 0.04375
3 0.53203125 0.68671875 0.028125 0.05390625
3 0.590625 0.709375 0.0265625 0.02890625