2 0.6125 0.590625 0.11640625 0.5734375
2 0.1515625 0.528125 0.05546875 0.27109375
2 0.36875 0.51953125 0.0578125 0.2859375
2 0.8359375 0.528125 0.06328125 0.265625
2 0.203125 0.5171875 0.0609375 0.27109375
2 0.44140625 0.52109375 0.046875 0.19453125
2 0.6703125 0.59140625 0.09296875 0.48359375
2 0.971875 0.5515625 0.0484375 0.328125
2 0.4078125 0.5171875 0.0203125 0.17734375
2 0.01328125 0.50703125 0.0265625 0.153125
3 0.584375 0.84765625 0.04296875 0.05546875
3 0.64140625 0.84765625 0.06328125 0.0640625
3 0.69140625 0.803125 0.04375 0.04140625
3 0.96484375 0.68671875 0.040625 0.046875
3 0.81953125 0.64140625 0.025 0.02734375
3 0.84140625 0.6421875 0.01796875 0.03359375