2 0.3875 0.590625 0.11640625 0.5734375
2 0.8484375 0.528125 0.05546875 0.27109375
2 0.63125 0.51953125 0.0578125 0.2859375
2 0.1640625 0.528125 0.06328125 0.265625
2 0.796875 0.5171875 0.0609375 0.27109375
2 0.55859375 0.52109375 0.046875 0.19453125
2 0.3296875 0.59140625 0.09296875 0.48359375
2 0.028125 0.5515625 0.0484375 0.328125
2 0.5921875 0.5171875 0.0203125 0.17734375
2 0.98671875 0.50703125 0.0265625 0.153125
3 0.415625 0.84765625 0.04296875 0.05546875
3 0.35859375 0.84765625 0.06328125 0.0640625
3 0.30859375 0.803125 0.04375 0.04140625
3 0.03515625 0.68671875 0.040625 0.046875
3 0.18046875 0.64140625 0.025 0.02734375
3 0.15859375 0.6421875 0.01796875 0.03359375