2 0.58671875 0.559375 0.0625 0.346875
2 0.7078125 0.540625 0.0484375 0.278125
2 0.48359375 0.5703125 0.103125 0.4875
2 0.65625 0.54921875 0.078125 0.384375
2 0.32109375 0.55859375 0.09375 0.3609375
2 0.76796875 0.54296875 0.0828125 0.3609375
2 0.9078125 0.55546875 0.07421875 0.346875
2 0.1109375 0.55078125 0.13125 0.5765625
2 0.84296875 0.55625 0.071875 0.3484375
2 0.1765625 0.5609375 0.07890625 0.48984375
3 0.92421875 0.70078125 0.02421875 0.03515625
3 0.896875 0.70390625 0.02265625 0.04609375
3 0.8484375 0.69921875 0.03203125 0.0640625
3 0.7796875 0.70078125 0.0265625 0.028125
3 0.76328125 0.69375 0.02578125 0.03828125
3 0.64765625 0.72578125 0.02421875 0.04921875
3 0.67109375 0.69921875 0.01875 0.03125
3 0.509375 0.7890625 0.03359375 0.0578125
3 0.45703125 0.7609375 0.0328125 0.04375
3 0.22578125 0.72578125 0.03828125 0.0734375
3 0.33203125 0.6984375 0.02578125 0.0390625
3 0.30546875 0.72421875 0.03515625 0.03984375
3 0.14375 0.80703125 0.0640625 0.06171875
3 0.065625 0.8140625 0.046875 0.05625