2 0.4265625 0.57734375 0.09609375 0.4234375
2 0.5703125 0.5515625 0.05234375 0.278125
2 0.7578125 0.56171875 0.065625 0.28203125
2 0.65703125 0.5703125 0.0796875 0.409375
2 0.2453125 0.58125 0.11328125 0.55703125
2 0.3453125 0.5953125 0.10234375 0.40390625
2 0.8046875 0.53515625 0.05703125 0.2875
2 0.5125 0.53984375 0.053125 0.2765625
2 0.8453125 0.54375 0.025 0.1734375
2 0.17734375 0.56171875 0.04609375 0.31796875
3 0.2359375 0.80390625 0.04765625 0.09453125
3 0.34921875 0.77109375 0.0390625 0.04609375
3 0.65078125 0.7328125 0.0421875 0.06875
3 0.40390625 0.7515625 0.02734375 0.053125
3 0.43984375 0.75703125 0.0265625 0.05625
3 0.5609375 0.6578125 0.0171875 0.05234375
3 0.584375 0.6734375 0.0171875 0.04375
3 0.4828125 0.684375 0.03046875 0.05