2 0.3328125 0.5578125 0.09453125 0.5484375
2 0.5453125 0.54375 0.05234375 0.2515625
2 0.40546875 0.540625 0.046875 0.21953125
2 0.77109375 0.52421875 0.046875 0.259375
2 0.4875 0.54296875 0.03828125 0.18359375
2 0.71015625 0.534375 0.0625 0.31796875
2 0.22109375 0.540625 0.0703125 0.24453125
2 0.5859375 0.54375 0.02734375 0.20859375
2 0.15546875 0.53203125 0.02421875 0.14375
2 0.13125 0.534375 0.025 0.14765625
3 0.33125 0.81171875 0.0296875 0.03984375
3 0.36015625 0.78671875 0.02109375 0.06640625
3 0.21875 0.64140625 0.03203125 0.0390625
3 0.70859375 0.6734375 0.03359375 0.040625