2 0.48515625 0.534375 0.0828125 0.3
2 0.8171875 0.528125 0.06875 0.2859375
2 0.565625 0.5078125 0.05625 0.215625
2 0.1828125 0.528125 0.05390625 0.27890625
2 0.3140625 0.5515625 0.1078125 0.48359375
2 0.06015625 0.55234375 0.1125 0.4234375
2 0.9046875 0.51640625 0.0671875 0.26640625
2 0.24140625 0.553125 0.0609375 0.46015625
2 0.76875 0.4984375 0.02421875 0.1421875
2 0.60078125 0.51796875 0.02734375 0.1890625
2 0.62421875 0.5171875 0.0265625 0.19453125
3 0.0921875 0.734375 0.040625 0.0359375
3 0.02421875 0.74296875 0.0484375 0.0453125
3 0.321875 0.7421875 0.0453125 0.05078125
3 0.26640625 0.76796875 0.03828125 0.0625
3 0.23125 0.74453125 0.03046875 0.040625
3 0.48984375 0.6640625 0.02265625 0.05
3 0.828125 0.65 0.0171875 0.0453125
3 0.8140625 0.65390625 0.01796875 0.0421875