2 0.090625 0.46015625 0.17109375 0.63046875
2 0.9359375 0.525 0.0984375 0.384375
2 0.44140625 0.46328125 0.1234375 0.55234375
2 0.7171875 0.51953125 0.09140625 0.38515625
2 0.559375 0.42265625 0.2328125 0.75234375
2 0.8125 0.45234375 0.1875 0.65859375
3 0.79609375 0.75 0.05078125 0.05859375
3 0.93515625 0.690625 0.02890625 0.05625
3 0.8515625 0.665625 0.04296875 0.09375
3 0.1125 0.7125 0.04765625 0.07265625
3 0.0953125 0.7578125 0.0421875 0.0453125
3 0.553125 0.76640625 0.05625 0.06953125
3 0.7375 0.6734375 0.02734375 0.0609375
3 0.715625 0.68515625 0.021875 0.05390625