2 0.5515625 0.57578125 0.23828125 0.83828125
2 0.85859375 0.41484375 0.07421875 0.30546875
2 0.17578125 0.50625 0.18984375 0.8171875
2 0.73125 0.4359375 0.15390625 0.69296875
2 0.4078125 0.52890625 0.1796875 0.87734375
3 0.12734375 0.8640625 0.0671875 0.10234375
3 0.2375 0.69609375 0.05390625 0.1234375
3 0.37578125 0.859375 0.05234375 0.134375
3 0.41484375 0.92109375 0.05546875 0.1125
3 0.58671875 0.91640625 0.03984375 0.13359375
3 0.73671875 0.7296875 0.059375 0.09921875
3 0.85703125 0.54609375 0.02890625 0.03046875
3 0.31171875 0.60546875 0.02734375 0.046875