2 0.79453125 0.540625 0.096875 0.35703125
2 0.1328125 0.48125 0.15625 0.6359375
2 0.5390625 0.51640625 0.20234375 0.8421875
2 0.3171875 0.4921875 0.1953125 0.85546875
2 0.19296875 0.4875 0.0296875 0.159375
2 0.61640625 0.49140625 0.12265625 0.6734375
2 0.4265625 0.4609375 0.04921875 0.4984375
3 0.53515625 0.8890625 0.04375 0.08515625
3 0.32578125 0.88046875 0.04296875 0.0828125
3 0.38125 0.7828125 0.03203125 0.05703125
3 0.5015625 0.7390625 0.02578125 0.07578125
3 0.465625 0.73046875 0.02734375 0.1125
3 0.434375 0.715625 0.0328125 0.053125
3 0.40546875 0.703125 0.03125 0.084375
3 0.615625 0.81015625 0.04375 0.08984375
3 0.5671875 0.8 0.0375 0.09140625
3 0.80703125 0.6921875 0.02265625 0.0375
3 0.7796875 0.63984375 0.021875 0.06015625
3 0.7578125 0.65625 0.0265625 0.03515625
3 0.13828125 0.76484375 0.02734375 0.0765625
3 0.1125 0.753125 0.0375 0.0671875
3 0.2375 0.6484375 0.021875 0.05390625
3 0.08671875 0.584375 0.01640625 0.04296875
3 0.07109375 0.60625 0.0234375 0.0375