2 0.77890625 0.3796875 0.115625 0.29765625
2 0.4984375 0.51875 0.3328125 0.7015625
2 0.9046875 0.63671875 0.18671875 0.44765625
2 0.87734375 0.40703125 0.06796875 0.23046875
2 0.26171875 0.27109375 0.08984375 0.19609375
2 0.65703125 0.38359375 0.0796875 0.2578125
2 0.190625 0.4875 0.12265625 0.23359375
2 0.3859375 0.54140625 0.06015625 0.22734375
2 0.3359375 0.30703125 0.0859375 0.2109375
2 0.73984375 0.27578125 0.06796875 0.15390625
2 0.153125 0.30859375 0.0921875 0.240625
2 0.07578125 0.334375 0.0671875 0.234375
2 0.0515625 0.2609375 0.046875 0.13359375
3 0.375 0.8296875 0.0796875 0.0734375
3 0.6359375 0.79609375 0.0515625 0.11875
3 0.95390625 0.8140625 0.071875 0.090625