2 0.47890625 0.60859375 0.05625 0.26640625
2 0.28984375 0.22109375 0.0609375 0.25703125
2 0.59296875 0.571875 0.05625 0.30390625
2 0.340625 0.6328125 0.0578125 0.2890625
2 0.903125 0.5078125 0.065625 0.27421875
2 0.70390625 0.56328125 0.06328125 0.27734375
2 0.2046875 0.646875 0.0671875 0.2890625
2 0.8125 0.52890625 0.0515625 0.275
3 0.184375 0.771875 0.0234375 0.0375
3 0.22578125 0.7671875 0.01875 0.03203125
3 0.31953125 0.7578125 0.02109375 0.0359375
3 0.35078125 0.75703125 0.02109375 0.034375
3 0.4578125 0.70625 0.0171875 0.03359375
3 0.47890625 0.7296875 0.01953125 0.02890625
3 0.5765625 0.71484375 0.028125 0.02578125
3 0.5953125 0.690625 0.01953125 0.021875
3 0.6875 0.68828125 0.0171875 0.03359375
3 0.70546875 0.68671875 0.015625 0.02578125
3 0.8015625 0.6515625 0.025 0.046875
3 0.82734375 0.64765625 0.01875 0.040625
3 0.8921875 0.63125 0.01953125 0.04140625
3 0.92890625 0.62578125 0.028125 0.028125
3 0.29140625 0.33203125 0.01875 0.04375
3 0.3015625 0.29921875 0.0234375 0.034375