2 0.4484375 0.57578125 0.23828125 0.83828125
2 0.14140625 0.41484375 0.07421875 0.30546875
2 0.82421875 0.50625 0.18984375 0.8171875
2 0.26875 0.4359375 0.15390625 0.69296875
2 0.5921875 0.52890625 0.1796875 0.87734375
3 0.87265625 0.8640625 0.0671875 0.10234375
3 0.7625 0.69609375 0.05390625 0.1234375
3 0.62421875 0.859375 0.05234375 0.134375
3 0.58515625 0.92109375 0.05546875 0.1125
3 0.41328125 0.91640625 0.03984375 0.13359375
3 0.26328125 0.7296875 0.059375 0.09921875
3 0.14296875 0.54609375 0.02890625 0.03046875
3 0.68828125 0.60546875 0.02734375 0.046875