2 0.465625 0.7203125 0.30390625 0.5515625
2 0.296875 0.72109375 0.14140625 0.55078125
2 0.840625 0.7453125 0.27578125 0.50234375
2 0.6671875 0.69921875 0.1390625 0.59375
2 0.2359375 0.7390625 0.1171875 0.5015625
2 0.10390625 0.73671875 0.09375 0.29140625
3 0.6546875 0.96015625 0.034375 0.0796875
3 0.346875 0.94296875 0.03828125 0.08828125
3 0.31328125 0.98125 0.03671875 0.0375
3 0.234375 0.9734375 0.04375 0.04453125
3 0.2078125 0.94453125 0.03359375 0.06171875
3 0.93515625 0.96484375 0.0484375 0.05625