2 0.534375 0.7203125 0.30390625 0.5515625
2 0.703125 0.72109375 0.14140625 0.55078125
2 0.159375 0.7453125 0.27578125 0.50234375
2 0.3328125 0.69921875 0.1390625 0.59375
2 0.7640625 0.7390625 0.1171875 0.5015625
2 0.89609375 0.73671875 0.09375 0.29140625
3 0.3453125 0.96015625 0.034375 0.0796875
3 0.653125 0.94296875 0.03828125 0.08828125
3 0.68671875 0.98125 0.03671875 0.0375
3 0.765625 0.9734375 0.04375 0.04453125
3 0.7921875 0.94453125 0.03359375 0.06171875
3 0.06484375 0.96484375 0.0484375 0.05625