2 0.22109375 0.3796875 0.115625 0.29765625
2 0.5015625 0.51875 0.3328125 0.7015625
2 0.0953125 0.63671875 0.18671875 0.44765625
2 0.12265625 0.40703125 0.06796875 0.23046875
2 0.73828125 0.27109375 0.08984375 0.19609375
2 0.34296875 0.38359375 0.0796875 0.2578125
2 0.809375 0.4875 0.12265625 0.23359375
2 0.6140625 0.54140625 0.06015625 0.22734375
2 0.6640625 0.30703125 0.0859375 0.2109375
2 0.26015625 0.27578125 0.06796875 0.15390625
2 0.846875 0.30859375 0.0921875 0.240625
2 0.92421875 0.334375 0.0671875 0.234375
2 0.9484375 0.2609375 0.046875 0.13359375
3 0.625 0.8296875 0.0796875 0.0734375
3 0.3640625 0.79609375 0.0515625 0.11875
3 0.04609375 0.8140625 0.071875 0.090625