2 0.909375 0.46015625 0.17109375 0.63046875
2 0.0640625 0.525 0.0984375 0.384375
2 0.55859375 0.46328125 0.1234375 0.55234375
2 0.2828125 0.51953125 0.09140625 0.38515625
2 0.440625 0.42265625 0.2328125 0.75234375
2 0.1875 0.45234375 0.1875 0.65859375
3 0.20390625 0.75 0.05078125 0.05859375
3 0.06484375 0.690625 0.02890625 0.05625
3 0.1484375 0.665625 0.04296875 0.09375
3 0.8875 0.7125 0.04765625 0.07265625
3 0.9046875 0.7578125 0.0421875 0.0453125
3 0.446875 0.76640625 0.05625 0.06953125
3 0.2625 0.6734375 0.02734375 0.0609375
3 0.284375 0.68515625 0.021875 0.05390625