2 0.146875 0.63359375 0.13515625 0.5140625
2 0.2875 0.6828125 0.15703125 0.6265625
2 0.6703125 0.6734375 0.2546875 0.646875
2 0.4765625 0.6828125 0.18125 0.6171875
2 0.8953125 0.67578125 0.190625 0.63984375
3 0.1484375 0.84609375 0.0390625 0.0671875
3 0.19375 0.83515625 0.03828125 0.1046875
3 0.284375 0.90390625 0.04140625 0.0609375
3 0.3421875 0.95234375 0.04140625 0.0953125
3 0.36328125 0.7984375 0.0390625 0.1109375
3 0.41171875 0.91796875 0.05 0.06640625
3 0.4765625 0.8140625 0.03515625 0.04765625
3 0.5125 0.859375 0.03671875 0.0640625
3 0.5453125 0.9421875 0.0484375 0.09921875
3 0.9625 0.8171875 0.05390625 0.1140625
3 0.878125 0.9703125 0.06796875 0.053125
3 0.74140625 0.9203125 0.0578125 0.09609375